0
15
28
30
33
37
38
69
73
91
98
103
118
128
188
190
205
207
210
226
230
233
249
255
269
283
290
291
295
300
309
310
317
333
339
348
364
375
377
408
425
433
451
453
456
478
484
486
488
501
511
513
527
530
551
553
572
578
585
587
601
617
627
628
654
660
665
692
714
716
719
724
736
745
68
72
78
83
99
123
138
231
240
329
368
373
504
556
608
632
661
694
2
46
70
84
130
134
142
170
334
366
371
386
417
430
436
470
472
509
566
580
586
600
614
619
623
642
655
726
406
546
688
48
122
369
444
497
514
573
618
575
471
524
633
727
287
545
35
93
229
248
341
428
437
442
462
643
676
693
699
737
27
350
615
649
706
298
299
336
383
698
728
9
195
503
528
672
127
186
253
491
357
516
559
306
611
426
359
65
270
143
734
522
427
280
116
162
227
439
596
621
624
720
739
109
115
160
185
179
416
495
8
182
183
411
646
730
322
327
560
612
214
370
4
479
266
635
257
293
57
401
82
680
1
6
10
11
24
41
42
43
49
53
59
80
86
88
92
97
101
124
126
139
148
151
152
175
187
189
217
232
234
241
244
252
263
267
278
284
301
315
316
319
330
338
355
378
392
399
410
424
429
432
455
466
487
499
505
508
510
526
529
535
582
589
602
605
613
625
626
638
639
641
653
666
668
669
677
695
722
744
12
31
94
112
176
247
275
347
353
397
407
480
494
518
521
563
674
678
686
691
710
729
17
34
45
75
200
250
268
272
303
326
354
380
532
540
581
584
670
708
711
732
159
180
254
325
382
393
409
457
458
517
558
569
683
452
541
696
236
361
746
384
561
568
607
650
216
235
314
440
482
500
506
507
542
735
742
157
403
434
441
512
111
376
467
475
702
598
25
169
388
412
590
251
191
523
239
114
682
477
490
318
449
367
548
469
197
320
463
629
81
297
538
192
557
223
119
264
419
448
349
520
647
56
121
324
166
198
385
543
555
591
599
381
748
667
712
117
312
276
14
405
592
313
415
52
583
77
3
19
67
133
174
213
219
225
246
258
302
308
331
340
493
534
574
577
593
594
662
673
747
749
20
26
64
71
79
89
102
120
131
132
137
145
163
177
184
193
204
279
328
352
356
396
460
536
544
554
579
595
616
620
644
707
717
733
743
58
220
228
395
60
379
358
155
576
690
21
100
136
150
153
211
420
489
549
631
519
164
398
447
645
681
705
51
55
104
168
224
243
277
281
305
307
372
390
404
473
476
492
498
537
588
687
701
718
23
172
344
402
525
571
703
203
261
422
658
90
311
481
271
418
564
106
304
144
194
459
738
7
181
221
423
685
697
87
173
604
648
446
125
360
740
141
274
400
550
36
552
22
242
285
609
394
54
209
351
731
40
47
61
62
66
74
199
206
292
294
296
335
363
445
450
464
474
485
502
565
597
713
715
29
332
345
709
636
13
107
147
237
288
63
421
704
610
208
256
465
431
664
167
651
652
201
435
533
606
374
262
539
129
391
567
212
260
640
689
675
700
50
562
