0
33
226
230
255
269
300
333
348
425
527
572
585
587
628
665
719
724
30
69
188
295
377
408
601
745
290
210
310
364
478
578
692
714
249
309
530
38
73
283
70
98
128
190
233
334
433
451
486
736
103
375
291
716
130
456
553
28
317
501
551
453
488
406
546
688
134
430
642
566
2
371
386
655
726
46
580
619
170
509
229
442
643
472
586
524
693
437
699
15
68
78
231
556
608
654
336
341
698
649
706
93
186
248
298
299
676
728
84
436
623
470
600
614
366
471
727
417
9
195
253
383
491
672
503
35
462
428
99
373
528
516
357
270
611
142
545
633
116
162
596
739
734
306
661
123
632
439
160
227
624
1
6
24
42
92
151
187
234
252
278
301
410
510
582
605
638
668
677
695
41
59
97
338
355
378
392
466
487
535
126
267
316
639
88
429
505
101
175
217
455
625
669
148
43
508
602
80
124
139
432
613
744
11
526
10
152
189
499
12
241
244
424
521
589
653
49
53
263
315
330
176
407
678
319
452
541
696
86
325
641
399
529
458
31
112
247
275
347
353
480
518
686
710
729
691
354
397
441
494
674
94
563
236
581
746
500
532
540
584
467
45
75
250
272
732
380
670
34
303
326
403
434
157
490
512
683
482
235
169
200
412
25
81
268
388
590
191
523
477
629
463
239
506
542
712
297
223
121
419
117
312
56
543
591
748
7
61
125
181
199
363
423
597
648
697
740
66
446
713
47
51
62
87
173
351
474
502
552
565
604
715
404
292
40
104
168
243
588
687
201
485
147
450
55
224
281
372
492
498
718
36
400
274
294
74
445
464
153
390
420
489
690
21
136
29
307
360
476
701
100
211
549
22
141
550
209
335
206
237
296
332
345
709
107
731
54
60
150
155
576
64
89
193
204
631
431
305
519
537
645
681
418
564
328
352
396
460
743
356
271
304
609
288
208
465
242
395
71
102
120
137
145
554
616
228
258
689
277
344
398
473
571
703
164
705
106
79
544
707
733
26
131
394
20
340
595
246
493
577
749
23
447
402
525
177
536
644
19
256
308
662
593
174
302
534
163
620
717
574
658
